# block 4.0.133  pattern SSWSWWSWSSWSWSWWS  |Aut| 2  new
 0  1  2  3  4  5  6  7  8  9 10 11 12 13 14 15 16 17
 0  2  1  4  3  6  5  8  7 10  9 12 11 14 13 16 15 17
 0  3  1  5  2  7  4  9  6 13  8 11 10 15 12 17 14 16
 0  4  1  7  2 12  3  8  5 14  6 17  9 15 10 13 11 16
 0  5  1 10  2 15  3  4  6 11  7  8  9 16 12 14 13 17
 0  6  1 15  2 16  3 10  4 13  5  7  8 12  9 11 14 17
 0  7  1  9  2  8  3 14  4  6  5 16 10 12 11 17 13 15
 0  8  1  6  2 17  3  7  4 15  5  9 10 14 11 13 12 16
 0  9  1  2  3 16  4 10  5  6  7 17  8 15 11 12 13 14
 0 10  1 12  2 14  3 11  4 16  5 13  6  8  7 15  9 17
 0 11  1 13  2 10  3 17  4 12  5 15  6 16  7  9  8 14
 0 12  1  3  2  5  4 17  6  9  7 14  8 13 10 16 11 15
 0 13  1 16  2  9  3 15  4  8  5 11  6 14  7 12 10 17
 0 14  1 11  2  6  3 13  4  7  5 17  8 16  9 10 12 15
 0 15  1 17  2 13  3  5  4 11  6 12  7 16  8 10  9 14
 0 16  1 14  2  4  3 12  5 10  6 15  7 11  8 17  9 13
 0 17  1  8  2 11  3  9  4 14  5 12  6 10  7 13 15 16

# block 4.0.254  pattern SSWSWSWSWSWSWWSWS  |Aut| 2  new
 0  1  2  3  4  5  6  7  8  9 10 11 12 13 14 15 16 17
 0  2  1  4  3  6  5  8  7 10  9 12 11 14 13 16 15 17
 0  3  1  5  2  7  4  9  6 13  8 11 10 15 12 17 14 16
 0  4  1  7  2 11  3 15  5 16  6  9  8 12 10 17 13 14
 0  5  1 11  2 15  3 12  4  6  7 16  8 13  9 10 14 17
 0  6  1 14  2  5  3 11  4  7  8 17  9 15 10 13 12 16
 0  7  1  9  2  6  3 16  4  8  5 14 10 12 11 15 13 17
 0  8  1  6  2 17  3  9  4 15  5  7 10 16 11 13 12 14
 0  9  1  2  3 14  4 13  5 17  6 10  7  8 11 16 12 15
 0 10  1 12  2 14  3 13  4 16  5 11  6  8  7 15  9 17
 0 11  1 13  2 10  3 17  4 12  5 15  6 16  7  9  8 14
 0 12  1 17  2 16  3  8  4 10  5  9  6 14  7 11 13 15
 0 13  1  3  2  8  4 17  5 10  6 11  7 12  9 14 15 16
 0 14  1 16  2  4  3 10  5 12  6 17  7 13  8 15  9 11
 0 15  1 10  2 12  3  7  4 14  5  6  8 16  9 13 11 17
 0 16  1  8  2  9  3  4  5 13  6 15  7 17 10 14 11 12
 0 17  1 15  2 13  3  5  4 11  6 12  7 14  8 10  9 16

# block 4.0.434  pattern SSWSWSWSWSWWSWSSW  |Aut| 2  new
 0  1  2  3  4  5  6  7  8  9 10 11 12 13 14 15 16 17
 0  2  1  4  3  6  5  8  7 10  9 12 11 14 13 16 15 17
 0  3  1  5  2  7  4  9  6 11  8 13 10 17 12 15 14 16
 0  4  1 11  2 15  3 10  5  9  6 13  7 14  8 16 12 17
 0  5  1 14  2 11  3  8  4  7  6 12  9 17 10 13 15 16
 0  6  1  8  2 13  3 15  4 11  5 17  7 16  9 14 10 12
 0  7  1  9  2 14  3 12  4 16  5 10  6 15  8 17 11 13
 0  8  1 17  2 16  3  4  5 11  6  9  7 12 10 14 13 15
 0  9  1 10  2  6  3 17  4 12  5 14  7 13  8 15 11 16
 0 10  1 12  2  8  3 14  4  6  5 16  7  9 11 15 13 17
 0 11  1 13  2 17  3  9  4 15  5  7  6  8 10 16 12 14
 0 12  1  7  2 10  3 16  4  8  5 15  6 17  9 11 13 14
 0 13  1  2  3  7  4 17  5 12  6 14  8 11  9 16 10 15
 0 14  1 16  2  4  3 11  5 13  6 10  7 17  8 12  9 15
 0 15  1  6  2  5  3 13  4 14  7  8  9 10 11 17 12 16
 0 16  1  3  2  9  4 13  5  6  7 15  8 10 11 12 14 17
 0 17  1 15  2 12  3  5  4 10  6 16  7 11  8 14  9 13

# block 4.0.483  pattern SSWSWSWSWSWSWSWSW  |Aut| 2  new
 0  1  2  3  4  5  6  7  8  9 10 11 12 13 14 15 16 17
 0  2  1  4  3  6  5  8  7 10  9 12 11 14 13 16 15 17
 0  3  1  5  2  7  4  9  6 11  8 13 10 17 12 15 14 16
 0  4  1  3  2  9  5 12  6 15  7 17  8 11 10 16 13 14
 0  5  1  2  3 10  4  7  6 13  8 17  9 15 11 16 12 14
 0  6  1  9  2  5  3 14  4 17  7 12  8 16 10 13 11 15
 0  7  1  8  2 15  3  4  5 16  6 14  9 10 11 12 13 17
 0  8  1  6  2 17  3  7  4 15  5  9 10 14 11 13 12 16
 0  9  1  7  2  6  3 16  4  8  5 14 10 12 11 17 13 15
 0 10  1 16  2 12  3 11  4  6  5 15  7  8  9 13 14 17
 0 11  1 15  2 13  3  9  4 14  5  6  7 16  8 10 12 17
 0 12  1 10  2 14  3 13  4 16  5 11  6  8  7 15  9 17
 0 13  1 11  2 10  3 15  4 12  5 17  6 16  7  9  8 14
 0 14  1 12  2  8  3 17  4 10  5 13  6  9  7 11 15 16
 0 15  1 17  2 11  3  5  4 13  6 10  7 14  8 12  9 16
 0 16  1 14  2  4  3 12  5 10  6 17  7 13  8 15  9 11
 0 17  1 13  2 16  3  8  4 11  5  7  6 12  9 14 10 15

# block 4.0.801  pattern SSWSWWSSWWSSWSWSW  |Aut| 2  new
 0  1  2  3  4  5  6  7  8  9 10 11 12 13 14 15 16 17
 0  2  1  4  3  6  5  8  7 10  9 12 11 14 13 16 15 17
 0  3  1  5  2  7  4  9  6 15  8 17 10 16 11 13 12 14
 0  4  1 14  2 15  3 11  5  9  6 12  7 16  8 13 10 17
 0  5  1 15  2  9  3 10  4 12  6 17  7 13  8 14 11 16
 0  6  1  8  2 17  3 12  4 15  5 10  7 11  9 13 14 16
 0  7  1 13  2  8  3  4  5 17  6  9 10 14 11 12 15 16
 0  8  1 12  2 16  3 14  4 11  5  6  7 17  9 10 13 15
 0  9  1  7  2 11  3 17  4 13  5 15  6 14  8 16 10 12
 0 10  1  6  2 13  3  8  4 14  5 16  7 12  9 15 11 17
 0 11  1  9  2  5  3 15  4  6  7  8 10 13 12 16 14 17
 0 12  1 10  2  6  3  5  4  8  7 14  9 16 11 15 13 17
 0 13  1 11  2 12  3 16  4 10  5 14  6  8  7 15  9 17
 0 14  1 16  2  4  3  9  5  7  6 13  8 11 10 15 12 17
 0 15  1 17  2 14  3 13  4 16  5 11  6 10  7  9  8 12
 0 16  1  2  3  7  4 17  5 13  6 11  8 10  9 14 12 15
 0 17  1  3  2 10  4  7  5 12  6 16  8 15  9 11 13 14

# block 4.0.2237  pattern SSWSWWSWSWSWSSWSW  |Aut| 16  new
 0  1  2  3  4  5  6  7  8  9 10 11 12 13 14 15 16 17
 0  2  1  4  3  6  5  8  7 10  9 12 11 14 13 16 15 17
 0  3  1  5  2  7  4  9  6 11  8 13 10 15 12 17 14 16
 0  4  1  3  2 12  5 11  6 14  7  8  9 17 10 16 13 15
 0  5  1  2  3 13  4 10  6  9  7 15  8 16 11 17 12 14
 0  6  1  9  2 16  3  4  5 15  7 12  8 11 10 17 13 14
 0  7  1  8  2  5  3 17  4 14  6 13  9 10 11 16 12 15
 0  8  1  6  2 11  3 15  4 13  5 17  7 16  9 14 10 12
 0  9  1  7  2 14  3 10  4 16  5 12  6 17  8 15 11 13
 0 10  1 13  2  9  3 12  4 11  5  6  7 14  8 17 15 16
 0 11  1 12  2 13  3  8  4  7  5 10  6 15  9 16 14 17
 0 12  1 10  2  6  3 14  4  8  5 16  7  9 11 15 13 17
 0 13  1 11  2 15  3  7  4 17  5  9  6  8 10 14 12 16
 0 14  1 16  2  4  3 11  5 13  6 10  7 17  8 12  9 15
 0 15  1 17  2 10  3  5  4 12  6 16  7 11  8 14  9 13
 0 16  1 15  2 17  3  9  4  6  5 14  7 13  8 10 11 12
 0 17  1 14  2  8  3 16  4 15  5  7  6 12  9 11 10 13

# dup block 4.0.1777 -> class 4.0.133  pattern SSWSWSWSWSWSWSWWS  |Aut| 2  x1
